Number: 7
Divisors: [1]
Sum: 1

Number: 8
Divisors: [1, 2, 4]
Sum: 7

Number: 10
Divisors: [1, 2, 5]
Sum: 8

Number: 14
Divisors: [1, 2, 7]
Sum: 10

Number: 20
Divisors: [1, 2, 4, 5, 10]
Sum: 22

Number: 22
Divisors: [1, 2, 11]
Sum: 14

Number: 40
Divisors: [1, 2, 4, 5, 8, 10, 20]
Sum: 50

Number: 43
Divisors: [1]
Sum: 1

Number: 50
Divisors: [1, 2, 5, 10, 25]
Sum: 43

Number: 59
Divisors: [1]
Sum: 1

Number: 81
Divisors: [1, 3, 9, 27]
Sum: 40

Number: 138
Divisors: [1, 2, 3, 6, 23, 46, 69]
Sum: 150

Number: 150
Divisors: [1, 2, 3, 5, 6, 10, 15, 25, 30, 50, 75]
Sum: 222

Number: 200
Divisors: [1, 2, 4, 5, 8, 10, 20, 25, 40, 50, 100]
Sum: 265

Number: 222
Divisors: [1, 2, 3, 6, 37, 74, 111]
Sum: 234

Number: 234
Divisors: [1, 2, 3, 6, 9, 13, 18, 26, 39, 78, 117]
Sum: 312

Number: 300
Divisors: [1, 2, 3, 4, 5, 6, 10, 12, 15, 20, 25, 30, 50, 60, 75, 100, 150]
Sum: 568

Number: 312
Divisors: [1, 2, 3, 4, 6, 8, 12, 13, 24, 26, 39, 52, 78, 104, 156]
Sum: 528

Number: 350
Divisors: [1, 2, 5, 7, 10, 14, 25, 35, 50, 70, 175]
Sum: 394

Number: 394
Divisors: [1, 2, 197]
Sum: 200

Number: 511
Divisors: [1, 7, 73]
Sum: 81

Number: 512
Divisors: [1, 2, 4, 8, 16, 32, 64, 128, 256]
Sum: 511

Number: 528
Divisors: [1, 2, 3, 4, 6, 8, 11, 12, 16, 22, 24, 33, 44, 48, 66, 88, 132, 176, 264]
Sum: 960

Number: 568
Divisors: [1, 2, 4, 8, 71, 142, 284]
Sum: 512

Number: 694
Divisors: [1, 2, 347]
Sum: 350

Number: 704
Divisors: [1, 2, 4, 8, 11, 16, 22, 32, 44, 64, 88, 176, 352]
Sum: 820

Number: 820
Divisors: [1, 2, 4, 5, 10, 20, 41, 82, 164, 205, 410]
Sum: 944

Number: 916
Divisors: [1, 2, 4, 229, 458]
Sum: 694

Number: 944
Divisors: [1, 2, 4, 8, 16, 59, 118, 236, 472]
Sum: 916

Number: 960
Divisors: [1, 2, 3, 4, 5, 6, 8, 10, 12, 15, 16, 20, 24, 30, 32, 40, 48, 60, 64, 80, 96, 120, 160, 192, 240, 320, 480]
Sum: 2088

Number: 1190
Divisors: [1, 2, 5, 7, 10, 14, 17, 34, 35, 70, 85, 119, 170, 238, 595]
Sum: 1402

Number: 2088
Divisors: [1, 2, 3, 4, 6, 8, 9, 12, 18, 24, 29, 36, 58, 72, 87, 116, 174, 232, 261, 348, 522, 696, 1044]
Sum: 3762

Number: 2374
Divisors: [1, 2, 1187]
Sum: 1190

Number: 3674
Divisors: [1, 2, 11, 22, 167, 334, 1837]
Sum: 2374

Number: 3762
Divisors: [1, 2, 3, 6, 9, 11, 18, 19, 22, 33, 38, 57, 66, 99, 114, 171, 198, 209, 342, 418, 627, 1254, 1881]
Sum: 5598

Number: 5598
Divisors: [1, 2, 3, 6, 9, 18, 311, 622, 933, 1866, 2799]
Sum: 6570

Number: 6154
Divisors: [1, 2, 17, 34, 181, 362, 3077]
Sum: 3674

Number: 6570
Divisors: [1, 2, 3, 5, 6, 9, 10, 15, 18, 30, 45, 73, 90, 146, 219, 365, 438, 657, 730, 1095, 1314, 2190, 3285]
Sum: 10746

Number: 7000
Divisors: [1, 2, 4, 5, 7, 8, 10, 14, 20, 25, 28, 35, 40, 50, 56, 70, 100, 125, 140, 175, 200, 250, 280, 350, 500, 700, 875, 1000, 1400, 1750, 3500]
Sum: 11720

Number: 7016
Divisors: [1, 2, 4, 8, 877, 1754, 3508]
Sum: 6154

Number: 10746
Divisors: [1, 2, 3, 6, 9, 18, 27, 54, 199, 398, 597, 1194, 1791, 3582, 5373]
Sum: 13254

Number: 11720
Divisors: [1, 2, 4, 5, 8, 10, 20, 40, 293, 586, 1172, 1465, 2344, 2930, 5860]
Sum: 14740

Number: 13254
Divisors: [1, 2, 3, 6, 47, 94, 141, 282, 2209, 4418, 6627]
Sum: 13830

Number: 13830
Divisors: [1, 2, 3, 5, 6, 10, 15, 30, 461, 922, 1383, 2305, 2766, 4610, 6915]
Sum: 19434

Number: 13994
Divisors: [1, 2, 6997]
Sum: 7000

Number: 14026
Divisors: [1, 2, 7013]
Sum: 7016

Number: 14740
Divisors: [1, 2, 4, 5, 10, 11, 20, 22, 44, 55, 67, 110, 134, 220, 268, 335, 670, 737, 1340, 1474, 2948, 3685, 7370]
Sum: 19532

Number: 16588
Divisors: [1, 2, 4, 11, 13, 22, 26, 29, 44, 52, 58, 116, 143, 286, 319, 377, 572, 638, 754, 1276, 1508, 4147, 8294]
Sum: 18692

Number: 18692
Divisors: [1, 2, 4, 4673, 9346]
Sum: 14026

Number: 19434
Divisors: [1, 2, 3, 6, 41, 79, 82, 123, 158, 237, 246, 474, 3239, 6478, 9717]
Sum: 20886

Number: 19532
Divisors: [1, 2, 4, 19, 38, 76, 257, 514, 1028, 4883, 9766]
Sum: 16588

Number: 20886
Divisors: [1, 2, 3, 6, 59, 118, 177, 354, 3481, 6962, 10443]
Sum: 21606

Number: 21606
Divisors: [1, 2, 3, 6, 13, 26, 39, 78, 277, 554, 831, 1662, 3601, 7202, 10803]
Sum: 25098

Number: 25098
Divisors: [1, 2, 3, 6, 47, 89, 94, 141, 178, 267, 282, 534, 4183, 8366, 12549]
Sum: 26742

Number: 26038
Divisors: [1, 2, 47, 94, 277, 554, 13019]
Sum: 13994

Number: 26742
Divisors: [1, 2, 3, 6, 4457, 8914, 13371]
Sum: 26754

Number: 26754
Divisors: [1, 2, 3, 6, 7, 13, 14, 21, 26, 39, 42, 49, 78, 91, 98, 147, 182, 273, 294, 343, 546, 637, 686, 1029, 1274, 1911, 2058, 3822, 4459, 8918, 13377]
Sum: 40446

Number: 34708
Divisors: [1, 2, 4, 8677, 17354]
Sum: 26038

Number: 34952
Divisors: [1, 2, 4, 8, 17, 34, 68, 136, 257, 514, 1028, 2056, 4369, 8738, 17476]
Sum: 34708

Number: 40446
Divisors: [1, 2, 3, 6, 7, 9, 14, 18, 21, 27, 42, 54, 63, 107, 126, 189, 214, 321, 378, 642, 749, 963, 1498, 1926, 2247, 2889, 4494, 5778, 6741, 13482, 20223]
Sum: 63234

Number: 63234
Divisors: [1, 2, 3, 6, 9, 18, 27, 54, 1171, 2342, 3513, 7026, 10539, 21078, 31617]
Sum: 77406

Number: 69898
Divisors: [1, 2, 34949]
Sum: 34952

Number: 77406
Divisors: [1, 2, 3, 6, 7, 14, 19, 21, 38, 42, 57, 97, 114, 133, 194, 266, 291, 399, 582, 679, 798, 1358, 1843, 2037, 3686, 4074, 5529, 11058, 12901, 25802, 38703]
Sum: 110754

Number: 110754
Divisors: [1, 2, 3, 6, 7, 9, 14, 18, 21, 27, 42, 54, 63, 126, 189, 293, 378, 586, 879, 1758, 2051, 2637, 4102, 5274, 6153, 7911, 12306, 15822, 18459, 36918, 55377]
Sum: 171486

Number: 127286
Divisors: [1, 2, 31, 62, 2053, 4106, 63643]
Sum: 69898

Number: 171486
Divisors: [1, 2, 3, 6, 7, 9, 14, 18, 21, 42, 63, 126, 1361, 2722, 4083, 8166, 9527, 12249, 19054, 24498, 28581, 57162, 85743]
Sum: 253458

Number: 176792
Divisors: [1, 2, 4, 7, 8, 11, 14, 22, 28, 41, 44, 49, 56, 77, 82, 88, 98, 154, 164, 196, 287, 308, 328, 392, 451, 539, 574, 616, 902, 1078, 1148, 1804, 2009, 2156, 2296, 3157, 3608, 4018, 4312, 6314, 8036, 12628, 16072, 22099, 25256, 44198, 88396]
Sum: 254128

Number: 249994
Divisors: [1, 2, 239, 478, 523, 1046, 124997]
Sum: 127286

Number: 253458
Divisors: [1, 2, 3, 6, 9, 18, 14081, 28162, 42243, 84486, 126729]
Sum: 295740

Number: 254128
Divisors: [1, 2, 4, 7, 8, 14, 16, 28, 56, 112, 2269, 4538, 9076, 15883, 18152, 31766, 36304, 63532, 127064]
Sum: 308832

Number: 295740
Divisors: [1, 2, 3, 4, 5, 6, 9, 10, 12, 15, 18, 20, 30, 31, 36, 45, 53, 60, 62, 90, 93, 106, 124, 155, 159, 180, 186, 212, 265, 279, 310, 318, 372, 465, 477, 530, 558, 620, 636, 795, 930, 954, 1060, 1116, 1395, 1590, 1643, 1860, 1908, 2385, 2790, 3180, 3286, 4770, 4929, 5580, 6572, 8215, 9540, 9858, 14787, 16430, 19716, 24645, 29574, 32860, 49290, 59148, 73935, 98580, 147870]
Sum: 647748

Number: 308832
Divisors: [1, 2, 3, 4, 6, 8, 12, 16, 24, 32, 48, 96, 3217, 6434, 9651, 12868, 19302, 25736, 38604, 51472, 77208, 102944, 154416]
Sum: 502104

Number: 312470
Divisors: [1, 2, 5, 10, 31247, 62494, 156235]
Sum: 249994

Number: 353578
Divisors: [1, 2, 176789]
Sum: 176792

Number: 502104
Divisors: [1, 2, 3, 4, 6, 8, 12, 24, 20921, 41842, 62763, 83684, 125526, 167368, 251052]
Sum: 753216

Number: 541162
Divisors: [1, 2, 37, 71, 74, 103, 142, 206, 2627, 3811, 5254, 7313, 7622, 14626, 270581]
Sum: 312470

Number: 647748
Divisors: [1, 2, 3, 4, 6, 9, 12, 18, 19, 36, 38, 57, 76, 114, 171, 228, 342, 684, 947, 1894, 2841, 3788, 5682, 8523, 11364, 17046, 17993, 34092, 35986, 53979, 71972, 107958, 161937, 215916, 323874]
Sum: 1077612

Number: 668966
Divisors: [1, 2, 53, 106, 6311, 12622, 334483]
Sum: 353578

Number: 736694
Divisors: [1, 2, 7, 14, 101, 202, 521, 707, 1042, 1414, 3647, 7294, 52621, 105242, 368347]
Sum: 541162

Number: 753216
Divisors: [1, 2, 3, 4, 6, 8, 12, 16, 24, 32, 48, 64, 96, 192, 3923, 7846, 11769, 15692, 23538, 31384, 47076, 62768, 94152, 125536, 188304, 251072, 376608]
Sum: 1240176

Number: 927536
Divisors: [1, 2, 4, 8, 16, 29, 58, 116, 232, 464, 1999, 3998, 7996, 15992, 31984, 57971, 115942, 231884, 463768]
Sum: 932464

Number: 932464
Divisors: [1, 2, 4, 8, 13, 16, 26, 52, 104, 208, 4483, 8966, 17932, 35864, 58279, 71728, 116558, 233116, 466232]
Sum: 1013592

Number: 953914
Divisors: [1, 2, 13, 19, 26, 38, 247, 494, 1931, 3862, 25103, 36689, 50206, 73378, 476957]
Sum: 668966

Number: 1013592
Divisors: [1, 2, 3, 4, 6, 8, 12, 24, 157, 269, 314, 471, 538, 628, 807, 942, 1076, 1256, 1614, 1884, 2152, 3228, 3768, 6456, 42233, 84466, 126699, 168932, 253398, 337864, 506796]
Sum: 1546008

Number: 1077612
Divisors: [1, 2, 3, 4, 6, 12, 89, 178, 267, 356, 534, 1009, 1068, 2018, 3027, 4036, 6054, 12108, 89801, 179602, 269403, 359204, 538806]
Sum: 1467588

Number: 1240176
Divisors: [1, 2, 3, 4, 6, 7, 8, 12, 14, 16, 21, 24, 28, 42, 48, 56, 84, 112, 168, 336, 3691, 7382, 11073, 14764, 22146, 25837, 29528, 44292, 51674, 59056, 77511, 88584, 103348, 155022, 177168, 206696, 310044, 413392, 620088]
Sum: 2422288

Number: 1467588
Divisors: [1, 2, 3, 4, 6, 12, 122299, 244598, 366897, 489196, 733794]
Sum: 1956812

Number: 1473382
Divisors: [1, 2, 736691]
Sum: 736694

Number: 1546008
Divisors: [1, 2, 3, 4, 6, 8, 12, 24, 37, 74, 111, 148, 222, 296, 444, 888, 1741, 3482, 5223, 6964, 10446, 13928, 20892, 41784, 64417, 128834, 193251, 257668, 386502, 515336, 773004]
Sum: 2425752

Number: 1574810
Divisors: [1, 2, 5, 10, 23, 41, 46, 82, 115, 167, 205, 230, 334, 410, 835, 943, 1670, 1886, 3841, 4715, 6847, 7682, 9430, 13694, 19205, 34235, 38410, 68470, 157481, 314962, 787405]
Sum: 1473382

Number: 1855066
Divisors: [1, 2, 927533]
Sum: 927536

Number: 1889486
Divisors: [1, 2, 349, 698, 2707, 5414, 944743]
Sum: 953914

Number: 1956812
Divisors: [1, 2, 4, 11, 13, 22, 26, 44, 52, 121, 143, 242, 286, 311, 484, 572, 622, 1244, 1573, 3146, 3421, 4043, 6292, 6842, 8086, 13684, 16172, 37631, 44473, 75262, 88946, 150524, 177892, 489203, 978406]
Sum: 2109796

Number: 2100740
Divisors: [1, 2, 4, 5, 10, 20, 105037, 210074, 420148, 525185, 1050370]
Sum: 2310856

Number: 2109796
Divisors: [1, 2, 4, 13, 26, 52, 169, 338, 676, 3121, 6242, 12484, 40573, 81146, 162292, 527449, 1054898]
Sum: 1889486

Number: 2299240
Divisors: [1, 2, 4, 5, 8, 10, 20, 40, 47, 94, 188, 235, 376, 470, 940, 1223, 1880, 2446, 4892, 6115, 9784, 12230, 24460, 48920, 57481, 114962, 229924, 287405, 459848, 574810, 1149620]
Sum: 2988440

Number: 2310856
Divisors: [1, 2, 4, 8, 19, 23, 38, 46, 76, 92, 152, 184, 437, 661, 874, 1322, 1748, 2644, 3496, 5288, 12559, 15203, 25118, 30406, 50236, 60812, 100472, 121624, 288857, 577714, 1155428]
Sum: 2455544

Number: 2422288
Divisors: [1, 2, 4, 8, 11, 16, 22, 44, 88, 176, 13763, 27526, 55052, 110104, 151393, 220208, 302786, 605572, 1211144]
Sum: 2697920

Number: 2425752
Divisors: [1, 2, 3, 4, 6, 7, 8, 9, 12, 14, 18, 21, 24, 28, 36, 42, 56, 63, 72, 84, 126, 168, 252, 504, 4813, 9626, 14439, 19252, 28878, 33691, 38504, 43317, 57756, 67382, 86634, 101073, 115512, 134764, 173268, 202146, 269528, 303219, 346536, 404292, 606438, 808584, 1212876]
Sum: 5084088

Number: 2455544
Divisors: [1, 2, 4, 7, 8, 13, 14, 26, 28, 52, 56, 91, 104, 182, 364, 728, 3373, 6746, 13492, 23611, 26984, 43849, 47222, 87698, 94444, 175396, 188888, 306943, 350792, 613886, 1227772]
Sum: 3212776

Number: 2697920
Divisors: [1, 2, 4, 5, 8, 10, 16, 20, 32, 40, 64, 80, 160, 320, 8431, 16862, 33724, 42155, 67448, 84310, 134896, 168620, 269792, 337240, 539584, 674480, 1348960]
Sum: 3727264

Number: 2723020
Divisors: [1, 2, 4, 5, 10, 20, 173, 346, 692, 787, 865, 1574, 1730, 3148, 3460, 3935, 7870, 15740, 136151, 272302, 544604, 680755, 1361510]
Sum: 3035684

Number: 2760844
Divisors: [1, 2, 4, 167, 334, 668, 4133, 8266, 16532, 690211, 1380422]
Sum: 2100740

Number: 2988440
Divisors: [1, 2, 4, 5, 7, 8, 10, 13, 14, 20, 26, 28, 35, 40, 52, 56, 65, 70, 91, 104, 130, 140, 182, 260, 280, 364, 455, 520, 728, 821, 910, 1642, 1820, 3284, 3640, 4105, 5747, 6568, 8210, 10673, 11494, 16420, 21346, 22988, 28735, 32840, 42692, 45976, 53365, 57470, 74711, 85384, 106730, 114940, 149422, 213460, 229880, 298844, 373555, 426920, 597688, 747110, 1494220]
Sum: 5297320

Number: 3035684
Divisors: [1, 2, 4, 257, 514, 1028, 2953, 5906, 11812, 758921, 1517842]
Sum: 2299240

Number: 3126502
Divisors: [1, 2, 461, 922, 3391, 6782, 1563251]
Sum: 1574810

Number: 3212776
Divisors: [1, 2, 4, 7, 8, 14, 28, 56, 103, 206, 412, 557, 721, 824, 1114, 1442, 2228, 2884, 3899, 4456, 5768, 7798, 15596, 31192, 57371, 114742, 229484, 401597, 458968, 803194, 1606388]
Sum: 3751064

Number: 3282196
Divisors: [1, 2, 4, 37, 67, 74, 134, 148, 268, 331, 662, 1324, 2479, 4958, 9916, 12247, 22177, 24494, 44354, 48988, 88708, 820549, 1641098]
Sum: 2723020

Number: 3655076
Divisors: [1, 2, 4, 379, 758, 1516, 2411, 4822, 9644, 913769, 1827538]
Sum: 2760844

Number: 3660794
Divisors: [1, 2, 229, 458, 7993, 15986, 1830397]
Sum: 1855066

Number: 3727264
Divisors: [1, 2, 4, 8, 16, 32, 269, 433, 538, 866, 1076, 1732, 2152, 3464, 4304, 6928, 8608, 13856, 116477, 232954, 465908, 931816, 1863632]
Sum: 3655076

Number: 3751064
Divisors: [1, 2, 4, 8, 468883, 937766, 1875532]
Sum: 3282196

Number: 4913018
Divisors: [1, 2, 11, 22, 223319, 446638, 2456509]
Sum: 3126502

Number: 5084088
Divisors: [1, 2, 3, 4, 6, 8, 12, 17, 24, 34, 51, 68, 102, 136, 204, 289, 408, 578, 733, 867, 1156, 1466, 1734, 2199, 2312, 2932, 3468, 4398, 5864, 6936, 8796, 12461, 17592, 24922, 37383, 49844, 74766, 99688, 149532, 211837, 299064, 423674, 635511, 847348, 1271022, 1694696, 2542044]
Sum: 8436192

Number: 5297320
Divisors: [1, 2, 4, 5, 7, 8, 10, 14, 20, 28, 35, 40, 56, 70, 140, 280, 18919, 37838, 75676, 94595, 132433, 151352, 189190, 264866, 378380, 529732, 662165, 756760, 1059464, 1324330, 2648660]
Sum: 8325080

Number: 7278382
Divisors: [1, 2, 547, 1094, 6653, 13306, 3639191]
Sum: 3660794

Number: 8325080
Divisors: [1, 2, 4, 5, 8, 10, 20, 23, 40, 46, 92, 115, 184, 230, 460, 920, 9049, 18098, 36196, 45245, 72392, 90490, 180980, 208127, 361960, 416254, 832508, 1040635, 1665016, 2081270, 4162540]
Sum: 11222920

Number: 8436192
Divisors: [1, 2, 3, 4, 6, 8, 12, 16, 24, 32, 48, 96, 87877, 175754, 263631, 351508, 527262, 703016, 1054524, 1406032, 2109048, 2812064, 4218096]
Sum: 13709064

Number: 8904682
Divisors: [1, 2, 29, 58, 153529, 307058, 4452341]
Sum: 4913018

Number: 11130830
Divisors: [1, 2, 5, 10, 1113083, 2226166, 5565415]
Sum: 8904682

Number: 11222920
Divisors: [1, 2, 4, 5, 8, 10, 19, 20, 38, 40, 76, 95, 152, 190, 380, 760, 14767, 29534, 59068, 73835, 118136, 147670, 280573, 295340, 561146, 590680, 1122292, 1402865, 2244584, 2805730, 5611460]
Sum: 15359480

Number: 12752594
Divisors: [1, 2, 31, 62, 71, 142, 2201, 2897, 4402, 5794, 89807, 179614, 205687, 411374, 6376297]
Sum: 7278382

Number: 13709064
Divisors: [1, 2, 3, 4, 6, 8, 12, 24, 571211, 1142422, 1713633, 2284844, 3427266, 4569688, 6854532]
Sum: 20563656

Number: 15359480
Divisors: [1, 2, 4, 5, 8, 10, 20, 40, 383987, 767974, 1535948, 1919935, 3071896, 3839870, 7679740]
Sum: 19199440

Number: 17971642
Divisors: [1, 2, 13, 26, 677, 1021, 1354, 2042, 8801, 13273, 17602, 26546, 691217, 1382434, 8985821]
Sum: 11130830

Number: 19199440
Divisors: [1, 2, 4, 5, 8, 10, 13, 16, 20, 26, 40, 52, 65, 80, 104, 130, 208, 260, 520, 1040, 18461, 36922, 73844, 92305, 147688, 184610, 239993, 295376, 369220, 479986, 738440, 959972, 1199965, 1476880, 1919944, 2399930, 3839888, 4799860, 9599720]
Sum: 28875608

Number: 19406148
Divisors: [1, 2, 3, 4, 6, 12, 67, 134, 201, 268, 402, 804, 24137, 48274, 72411, 96548, 144822, 289644, 1617179, 3234358, 4851537, 6468716, 9703074]
Sum: 26552604

Number: 20563656
Divisors: [1, 2, 3, 4, 6, 8, 12, 23, 24, 46, 69, 92, 138, 184, 276, 552, 37253, 74506, 111759, 149012, 223518, 298024, 447036, 856819, 894072, 1713638, 2570457, 3427276, 5140914, 6854552, 10281828]
Sum: 33082104

Number: 21679318
Divisors: [1, 2, 17, 34, 637627, 1275254, 10839659]
Sum: 12752594

Number: 24930374
Divisors: [1, 2, 7, 14, 271, 542, 1897, 3794, 6571, 13142, 45997, 91994, 1780741, 3561482, 12465187]
Sum: 17971642

Number: 25266172
Divisors: [1, 2, 4, 97, 194, 388, 65119, 130238, 260476, 6316543, 12633086]
Sum: 19406148

Number: 26552604
Divisors: [1, 2, 3, 4, 6, 12, 13, 26, 39, 52, 78, 156, 169, 338, 507, 676, 1014, 2028, 13093, 26186, 39279, 52372, 78558, 157116, 170209, 340418, 510627, 680836, 1021254, 2042508, 2212717, 4425434, 6638151, 8850868, 13276302]
Sum: 40541052

Number: 28875608
Divisors: [1, 2, 4, 8, 3609451, 7218902, 14437804]
Sum: 25266172

Number: 33082104
Divisors: [1, 2, 3, 4, 6, 8, 11, 12, 22, 24, 33, 44, 66, 88, 132, 264, 125311, 250622, 375933, 501244, 751866, 1002488, 1378421, 1503732, 2756842, 3007464, 4135263, 5513684, 8270526, 11027368, 16541052]
Sum: 57142536

Number: 40541052
Divisors: [1, 2, 3, 4, 6, 12, 743, 1486, 2229, 2972, 4458, 4547, 8916, 9094, 13641, 18188, 27282, 54564, 3378421, 6756842, 10135263, 13513684, 20270526]
Sum: 54202884

Number: 42387146
Divisors: [1, 2, 131, 262, 161783, 323566, 21193573]
Sum: 21679318

Number: 49799866
Divisors: [1, 2, 4159, 5987, 8318, 11974, 24899933]
Sum: 24930374

Number: 54202694
Divisors: [1, 2, 7, 13, 14, 26, 31, 62, 91, 169, 182, 217, 338, 403, 434, 739, 806, 1183, 1478, 2366, 2821, 5173, 5239, 5642, 9607, 10346, 10478, 19214, 22909, 36673, 45818, 67249, 73346, 124891, 134498, 160363, 249782, 297817, 320726, 595634, 874237, 1748474, 2084719, 3871621, 4169438, 7743242, 27101347]
Sum: 49799866

Number: 54202884
Divisors: [1, 2, 3, 4, 6, 12, 4516907, 9033814, 13550721, 18067628, 27101442]
Sum: 72270540

Number: 57142536
Divisors: [1, 2, 3, 4, 6, 8, 11, 12, 22, 24, 33, 44, 66, 88, 132, 263, 264, 526, 789, 823, 1052, 1578, 1646, 2104, 2469, 2893, 3156, 3292, 4938, 5786, 6312, 6584, 8679, 9053, 9876, 11572, 17358, 18106, 19752, 23144, 27159, 34716, 36212, 54318, 69432, 72424, 108636, 216449, 217272, 432898, 649347, 865796, 1298694, 1731592, 2380939, 2597388, 4761878, 5194776, 7142817, 9523756, 14285634, 19047512, 28571268]
Sum: 99483384

Number: 72270540
Divisors: [1, 2, 3, 4, 5, 6, 9, 10, 12, 15, 18, 20, 30, 36, 45, 60, 90, 180, 331, 662, 993, 1213, 1324, 1655, 1986, 2426, 2979, 3310, 3639, 3972, 4852, 4965, 5958, 6065, 6620, 7278, 9930, 10917, 11916, 12130, 14556, 14895, 18195, 19860, 21834, 24260, 29790, 36390, 43668, 54585, 59580, 72780, 109170, 218340, 401503, 803006, 1204509, 1606012, 2007515, 2409018, 3613527, 4015030, 4818036, 6022545, 7227054, 8030060, 12045090, 14454108, 18067635, 24090180, 36135270]
Sum: 147793668

Number: 75868720
Divisors: [1, 2, 4, 5, 8, 10, 16, 20, 23, 40, 46, 80, 92, 115, 184, 230, 368, 460, 920, 1840, 41233, 82466, 164932, 206165, 329864, 412330, 659728, 824660, 948359, 1649320, 1896718, 3298640, 3793436, 4741795, 7586872, 9483590, 15173744, 18967180, 37934360]
Sum: 108199856

Number: 76099654
Divisors: [1, 2, 29, 58, 317, 634, 4139, 8278, 9193, 18386, 120031, 240062, 1312063, 2624126, 38049827]
Sum: 42387146

Number: 76247552
Divisors: [1, 2, 4, 8, 16, 32, 64, 128, 256, 512, 148921, 297842, 595684, 1191368, 2382736, 4765472, 9530944, 19061888, 38123776]
Sum: 76099654

Number: 99483384
Divisors: [1, 2, 3, 4, 6, 7, 8, 11, 12, 13, 14, 21, 22, 24, 26, 28, 33, 39, 41, 42, 44, 52, 56, 66, 77, 78, 82, 84, 88, 91, 101, 104, 123, 132, 143, 154, 156, 164, 168, 182, 202, 231, 246, 264, 273, 286, 287, 303, 308, 312, 328, 364, 404, 429, 451, 462, 492, 533, 546, 572, 574, 606, 616, 707, 728, 808, 858, 861, 902, 924, 984, 1001, 1066, 1092, 1111, 1144, 1148, 1212, 1313, 1353, 1414, 1599, 1716, 1722, 1804, 1848, 2002, 2121, 2132, 2184, 2222, 2296, 2424, 2626, 2706, 2828, 3003, 3157, 3198, 3333, 3432, 3444, 3608, 3731, 3939, 4004, 4141, 4242, 4264, 4444, 5252, 5412, 5656, 5863, 6006, 6314, 6396, 6666, 6888, 7462, 7777, 7878, 8008, 8282, 8484, 8888, 9191, 9471, 10504, 10824, 11193, 11726, 12012, 12423, 12628, 12792, 13332, 14443, 14924, 15554, 15756, 16564, 16968, 17589, 18382, 18942, 22386, 23331, 23452, 24024, 24846, 25256, 26664, 27573, 28886, 28987, 29848, 31108, 31512, 33128, 35178, 36764, 37884, 41041, 43329, 44772, 45551, 46662, 46904, 49692, 53833, 55146, 57772, 57974, 62216, 70356, 73528, 75768, 82082, 86658, 86961, 89544, 91102, 93324, 99384, 101101, 107666, 110292, 115544, 115948, 123123, 136653, 140712, 161499, 164164, 173316, 173922, 182204, 186648, 202202, 215332, 220584, 231896, 246246, 273306, 303303, 318857, 322998, 328328, 346632, 347844, 364408, 376831, 404404, 430664, 492492, 546612, 592163, 606606, 637714, 645996, 695688, 753662, 808808, 956571, 984984, 1093224, 1130493, 1184326, 1213212, 1275428, 1291992, 1507324, 1776489, 1913142, 2260986, 2368652, 2426424, 2550856, 3014648, 3552978, 3826284, 4145141, 4521972, 4737304, 7105956, 7652568, 8290282, 9043944, 12435423, 14211912, 16580564, 24870846, 33161128, 49741692]
Sum: 245978376

Number: 101437396
Divisors: [1, 2, 4, 1097, 2194, 4388, 23117, 46234, 92468, 25359349, 50718698]
Sum: 76247552

Number: 101900794
Divisors: [1, 2, 47, 94, 1084051, 2168102, 50950397]
Sum: 54202694

Number: 108199856
Divisors: [1, 2, 4, 8, 16, 6762491, 13524982, 27049964, 54099928]
Sum: 101437396

Number: 147793668
Divisors: [1, 2, 3, 4, 6, 11, 12, 22, 33, 44, 66, 132, 1119649, 2239298, 3358947, 4478596, 6717894, 12316139, 13435788, 24632278, 36948417, 49264556, 73896834]
Sum: 228408732

Number: 151737434
Divisors: [1, 2, 75868717]
Sum: 75868720

Number: 195756362
Divisors: [1, 2, 73, 146, 1340797, 2681594, 97878181]
Sum: 101900794

Number: 228408732
Divisors: [1, 2, 3, 4, 6, 9, 12, 18, 36, 6344687, 12689374, 19034061, 25378748, 38068122, 57102183, 76136244, 114204366]
Sum: 348957876

Number: 245978376
Divisors: [1, 2, 3, 4, 6, 7, 8, 12, 14, 21, 23, 24, 28, 42, 46, 56, 69, 84, 92, 138, 161, 168, 184, 276, 322, 483, 552, 644, 966, 1288, 1932, 3864, 63659, 127318, 190977, 254636, 381954, 445613, 509272, 763908, 891226, 1336839, 1464157, 1527816, 1782452, 2673678, 2928314, 3564904, 4392471, 5347356, 5856628, 8784942, 10249099, 10694712, 11713256, 17569884, 20498198, 30747297, 35139768, 40996396, 61494594, 81992792, 122989188]
Sum: 487384824

Number: 286081174
Divisors: [1, 2, 53, 106, 997, 1994, 2707, 5414, 52841, 105682, 143471, 286942, 2698879, 5397758, 143040587]
Sum: 151737434

Number: 290504024
Divisors: [1, 2, 4, 8, 17, 34, 41, 53, 68, 82, 106, 136, 164, 212, 328, 424, 697, 901, 983, 1394, 1802, 1966, 2173, 2788, 3604, 3932, 4346, 5576, 7208, 7864, 8692, 16711, 17384, 33422, 36941, 40303, 52099, 66844, 73882, 80606, 104198, 133688, 147764, 161212, 208396, 295528, 322424, 416792, 685151, 885683, 1370302, 1771366, 2136059, 2740604, 3542732, 4272118, 5481208, 7085464, 8544236, 17088472, 36313003, 72626006, 145252012]
Sum: 312058216

Number: 290622016
Divisors: [1, 2, 4, 8, 16, 32, 64, 4540969, 9081938, 18163876, 36327752, 72655504, 145311008]
Sum: 286081174

Number: 294959384
Divisors: [1, 2, 4, 8, 17, 34, 68, 136, 2168819, 4337638, 8675276, 17350552, 36869923, 73739846, 147479692]
Sum: 290622016

Number: 303708376
Divisors: [1, 2, 4, 8, 23, 46, 92, 184, 1650589, 3301178, 6602356, 13204712, 37963547, 75927094, 151854188]
Sum: 290504024

Number: 312058216
Divisors: [1, 2, 4, 8, 41, 79, 82, 158, 164, 316, 328, 632, 3239, 6478, 12043, 12956, 24086, 25912, 48172, 96344, 493763, 951397, 987526, 1902794, 1975052, 3805588, 3950104, 7611176, 39007277, 78014554, 156029108]
Sum: 294959384

Number: 318217798
Divisors: [1, 2, 17, 34, 59, 118, 1003, 2006, 158633, 317266, 2696761, 5393522, 9359347, 18718694, 159108899]
Sum: 195756362

Number: 348957876
Divisors: [1, 2, 3, 4, 6, 12, 19, 38, 57, 76, 114, 228, 1530517, 3061034, 4591551, 6122068, 9183102, 18366204, 29079823, 58159646, 87239469, 116319292, 174478938]
Sum: 508132204

Number: 404465636
Divisors: [1, 2, 4, 2053, 4106, 8212, 49253, 98506, 197012, 101116409, 202232818]
Sum: 303708376

Number: 487384824
Divisors: [1, 2, 3, 4, 6, 8, 12, 24, 167, 277, 334, 439, 501, 554, 668, 831, 878, 1002, 1108, 1317, 1336, 1662, 1756, 2004, 2216, 2634, 3324, 3512, 4008, 5268, 6648, 10536, 46259, 73313, 92518, 121603, 138777, 146626, 185036, 219939, 243206, 277554, 293252, 364809, 370072, 439878, 486412, 555108, 586504, 729618, 879756, 972824, 1110216, 1459236, 1759512, 2918472, 20307701, 40615402, 60923103, 81230804, 121846206, 162461608, 243692412]
Sum: 745600776

Number: 508132204
Divisors: [1, 2, 4, 43, 86, 172, 353, 706, 1412, 8369, 15179, 16738, 30358, 33476, 60716, 359867, 719734, 1439468, 2954257, 5908514, 11817028, 127033051, 254066102]
Sum: 404465636

Number: 636221402
Divisors: [1, 2, 17159, 18539, 34318, 37078, 318110701]
Sum: 318217798

Number: 745600776
Divisors: [1, 2, 3, 4, 6, 8, 12, 24, 31066699, 62133398, 93200097, 124266796, 186400194, 248533592, 372800388]
Sum: 1118401224

Number: 996366646
Divisors: [1, 2, 11, 22, 761, 1522, 8371, 16742, 59513, 119026, 654643, 1309286, 45289393, 90578786, 498183323]
Sum: 636221402

Number: 1118401224
Divisors: [1, 2, 3, 4, 6, 8, 12, 24, 46600051, 93200102, 139800153, 186400204, 279600306, 372800408, 559200612]
Sum: 1677601896

Number: 1677601896
Divisors: [1, 2, 3, 4, 6, 8, 12, 24, 191, 382, 573, 764, 1146, 1528, 2292, 4584, 365969, 731938, 1097907, 1463876, 2195814, 2927752, 4391628, 8783256, 69900079, 139800158, 209700237, 279600316, 419400474, 559200632, 838800948]
Sum: 2538372504

Number: 1739126474
Divisors: [1, 2, 31, 62, 101, 193, 202, 386, 1439, 2878, 3131, 5983, 6262, 11966, 19493, 38986, 44609, 89218, 145339, 277727, 290678, 555454, 604283, 1208566, 4505509, 8609537, 9011018, 17219074, 28050427, 56100854, 869563237]
Sum: 996366646

Number: 2538372504
Divisors: [1, 2, 3, 4, 6, 8, 12, 24, 31, 61, 62, 93, 122, 124, 183, 186, 244, 248, 366, 372, 488, 732, 744, 1464, 1891, 3782, 5673, 7564, 11346, 15128, 22692, 45384, 55931, 111862, 167793, 223724, 335586, 447448, 671172, 1342344, 1733861, 3411791, 3467722, 5201583, 6823582, 6935444, 10235373, 10403166, 13647164, 13870888, 20470746, 20806332, 27294328, 40941492, 41612664, 81882984, 105765521, 211531042, 317296563, 423062084, 634593126, 846124168, 1269186252]
Sum: 4119772776

Number: 3217383766
Divisors: [1, 2, 37, 74, 43478159, 86956318, 1608691883]
Sum: 1739126474

Number: 4119772776
Divisors: [1, 2, 3, 4, 6, 7, 8, 12, 14, 21, 24, 28, 31, 42, 56, 62, 84, 93, 124, 168, 186, 217, 248, 372, 434, 651, 744, 868, 1302, 1736, 2604, 5208, 791047, 1582094, 2373141, 3164188, 4746282, 5537329, 6328376, 9492564, 11074658, 16611987, 18985128, 22149316, 24522457, 33223974, 44298632, 49044914, 66447948, 73567371, 98089828, 132895896, 147134742, 171657199, 196179656, 294269484, 343314398, 514971597, 588538968, 686628796, 1029943194, 1373257592, 2059886388]
Sum: 8030724504

Number: 5422685354
Divisors: [1, 2, 31, 53, 62, 101, 106, 202, 1643, 3131, 3286, 5353, 6262, 10706, 16339, 32678, 165943, 331886, 506509, 865967, 1013018, 1650239, 1731934, 3300478, 26844977, 51157409, 53689954, 87462667, 102314818, 174925334, 2711342677]
Sum: 3217383766

Number: 6319670230
Divisors: [1, 2, 5, 10, 31, 62, 155, 310, 20386033, 40772066, 101930165, 203860330, 631967023, 1263934046, 3159835115]
Sum: 5422685354

Number: 8030724504
Divisors: [1, 2, 3, 4, 6, 8, 11, 12, 22, 24, 33, 44, 66, 88, 121, 132, 242, 264, 363, 389, 484, 726, 778, 968, 1167, 1452, 1556, 2334, 2904, 3112, 4279, 4668, 7109, 8558, 9336, 12837, 14218, 17116, 21327, 25674, 28436, 34232, 42654, 47069, 51348, 56872, 78199, 85308, 94138, 102696, 141207, 156398, 170616, 188276, 234597, 282414, 312796, 376552, 469194, 564828, 625592, 860189, 938388, 1129656, 1720378, 1876776, 2580567, 2765401, 3440756, 5161134, 5530802, 6881512, 8296203, 10322268, 11061604, 16592406, 20644536, 22123208, 30419411, 33184812, 60838822, 66369624, 91258233, 121677644, 182516466, 243355288, 334613521, 365032932, 669227042, 730065864, 1003840563, 1338454084, 2007681126, 2676908168, 4015362252]
Sum: 14097017496

Number: 8426226964
Divisors: [1, 2, 4, 2106556741, 4213113482]
Sum: 6319670230

Number: 8698040672
Divisors: [1, 2, 4, 8, 16, 32, 271813771, 543627542, 1087255084, 2174510168, 4349020336]
Sum: 8426226964

Number: 14097017496
Divisors: [1, 2, 3, 4, 6, 8, 12, 24, 23291, 25219, 46582, 50438, 69873, 75657, 93164, 100876, 139746, 151314, 186328, 201752, 279492, 302628, 558984, 605256, 587375729, 1174751458, 1762127187, 2349502916, 3524254374, 4699005832, 7048508748]
Sum: 21148436904

Number: 17396081338
Divisors: [1, 2, 8698040669]
Sum: 8698040672

Number: 18046051430
Divisors: [1, 2, 5, 10, 11, 22, 55, 110, 7741, 15482, 21193, 38705, 42386, 77410, 85151, 105965, 170302, 211930, 233123, 425755, 466246, 851510, 1165615, 2331230, 164055013, 328110026, 820275065, 1640550130, 1804605143, 3609210286, 9023025715]
Sum: 17396081338

Number: 21148436904
Divisors: [1, 2, 3, 4, 6, 7, 8, 12, 14, 21, 24, 28, 42, 56, 67, 84, 134, 168, 201, 268, 317, 402, 469, 536, 634, 804, 938, 951, 1268, 1407, 1608, 1876, 1902, 2219, 2536, 2814, 3752, 3804, 4438, 5628, 5927, 6657, 7608, 8876, 11256, 11854, 13314, 17752, 17781, 21239, 23708, 26628, 35562, 41489, 42478, 47416, 53256, 63717, 71124, 82978, 84956, 124467, 127434, 142248, 148673, 165956, 169912, 248934, 254868, 297346, 331912, 397109, 446019, 497868, 509736, 594692, 794218, 892038, 995736, 1189384, 1191327, 1588436, 1784076, 1878859, 2382654, 2779763, 3176872, 3568152, 3757718, 4765308, 5559526, 5636577, 7515436, 8339289, 9530616, 11119052, 11273154, 13152013, 15030872, 16678578, 22238104, 22546308, 26304026, 33357156, 39456039, 45092616, 52608052, 66714312, 78912078, 105216104, 125883553, 157824156, 251767106, 315648312, 377650659, 503534212, 755301318, 881184871, 1007068424, 1510602636, 1762369742, 2643554613, 3021205272, 3524739484, 5287109226, 7049478968, 10574218452]
Sum: 40381357656

Number: 28358080762
Divisors: [1, 2, 11, 22, 1289003671, 2578007342, 14179040381]
Sum: 18046051430

Number: 40381357656
Divisors: [1, 2, 3, 4, 6, 8, 12, 24, 1682556569, 3365113138, 5047669707, 6730226276, 10095339414, 13460452552, 20190678828]
Sum: 60572036544

Number: 51399021218
Divisors: [1, 2, 29, 58, 886190021, 1772380042, 25699510609]
Sum: 28358080762

Number: 60572036544
Divisors: [1, 2, 3, 4, 6, 8, 12, 16, 24, 32, 48, 64, 96, 192, 461, 922, 1383, 1844, 2766, 3688, 5532, 7376, 11064, 14752, 22128, 29504, 44256, 88512, 684337, 1368674, 2053011, 2737348, 4106022, 5474696, 8212044, 10949392, 16424088, 21898784, 32848176, 43797568, 65696352, 131392704, 315479357, 630958714, 946438071, 1261917428, 1892876142, 2523834856, 3785752284, 5047669712, 7571504568, 10095339424, 15143009136, 20190678848, 30286018272]
Sum: 100039354704

Number: 94685963278
Divisors: [1, 2, 43, 86, 193, 386, 8299, 16598, 5704661, 11409322, 245300423, 490600846, 1100999573, 2201999146, 47342981639]
Sum: 51399021218

Number: 100039354704
Divisors: [1, 2, 3, 4, 6, 8, 9, 12, 16, 18, 24, 36, 48, 72, 144, 694717741, 1389435482, 2084153223, 2778870964, 4168306446, 5557741928, 6252459669, 8336612892, 11115483856, 12504919338, 16673225784, 25009838676, 33346451568, 50019677352]
Sum: 179931895322

Number: 179931895322
Divisors: [1, 2, 61, 122, 929, 1858, 56669, 113338, 1587569, 3175138, 96841709, 193683418, 1474851601, 2949703202, 89965947661]
Sum: 94685963278

